0 0.292631 0.349219 0.00964506 0.0515625
0 0.0372299 0.302344 0.00733025 0.0390625
0 0.293403 0.29375 0.00424383 0.025
0 0.149306 0.317187 0.00462963 0.034375
1 0.0360725 0.3 0.00655864 0.034375
0 0.354938 0.294531 0.00462963 0.0265625
0 0.407793 0.303125 0.00385802 0.021875
1 0.190586 0.296094 0.00462963 0.0265625
0 0.35706 0.299219 0.00424383 0.0234375
1 0.355131 0.294531 0.00424383 0.0234375
1 0.514275 0.330469 0.00462963 0.0265625
0 0.14429 0.354688 0.0108025 0.05625
1 0.403549 0.3 0.00385802 0.021875
1 0.24402 0.296094 0.00424383 0.0234375
0 0.203511 0.301562 0.00501543 0.025
0 0.4076 0.320312 0.00578704 0.03125
0 0.255208 0.299219 0.00501543 0.0265625
0 0.307677 0.299219 0.00424383 0.0234375
1 0.489583 0.31875 0.00462963 0.025
1 0.293403 0.296094 0.00424383 0.0234375
0 0.444444 0.319531 0.00540123 0.0296875
1 0.509838 0.325 0.00501543 0.028125
1 0.438272 0.334375 0.00617284 0.0375
1 0.472415 0.313281 0.00424383 0.0234375
0 0.154321 0.302344 0.00540123 0.0296875
1 0.140625 0.297656 0.00501543 0.0265625
0 0.0960648 0.305469 0.00771605 0.0359375
0 0.352431 0.317969 0.00578704 0.0328125
0 0.150463 0.340625 0.00925926 0.046875
1 0.311728 0.333594 0.00771605 0.0453125
1 0.483025 0.335156 0.00617284 0.0328125
1 0.292631 0.348437 0.00964506 0.05
0 0.288773 0.317187 0.00655864 0.0375
1 0.36439 0.334375 0.00733025 0.04375
1 0.657022 0.589844 0.0285494 0.148438
0 0.216821 0.321094 0.00848765 0.0421875
1 0.316165 0.370313 0.0127315 0.0625
1 0.385802 0.395312 0.0131173 0.06875
1 0.918596 0.899219 0.0470679 0.201562
0 0.30054 0.44375 0.0192901 0.096875
1 0.462963 0.425 0.0146605 0.078125
1 0.564429 0.477344 0.0192901 0.0984375
0 0.20216 0.392969 0.0154321 0.0796875
0 0.163773 0.775 0.0582562 0.265625
0 0.336227 0.527344 0.0258488 0.126563
0 0.169946 0.324219 0.00964506 0.0453125
