0 0.536651 0.266406 0.00308642 0.0171875
0 0.584298 0.271875 0.00192901 0.0125
1 0.539545 0.278906 0.00270062 0.0171875
1 0.546682 0.267188 0.00231481 0.0125
0 0.604167 0.274219 0.00231481 0.0109375
0 0.58314 0.279687 0.00270062 0.015625
1 0.54321 0.275781 0.00308642 0.0171875
0 0.610532 0.276563 0.00192901 0.0125
0 0.901813 0.385938 0.00887346 0.04375
1 0.58314 0.277344 0.00270062 0.0140625
1 0.571759 0.271875 0.00231481 0.0125
0 0.622299 0.28125 0.00231481 0.0125
1 0.578511 0.273438 0.00270062 0.0125
0 0.63831 0.290625 0.00270062 0.015625
1 0.559028 0.269531 0.00231481 0.0140625
1 0.592014 0.284375 0.00270062 0.015625
1 0.619985 0.301562 0.00308642 0.01875
0 0.658372 0.296094 0.00347222 0.0171875
0 0.680941 0.305469 0.00385802 0.0203125
1 0.604938 0.291406 0.00308642 0.0171875
1 0.201775 0.240625 0.00462963 0.028125
0 0.744792 0.329688 0.00578704 0.028125
1 0.642554 0.313281 0.00501543 0.0265625
0 0.830633 0.360938 0.00771605 0.0375
1 0.659336 0.322656 0.00540123 0.0296875
1 0.0962577 0.264062 0.00810185 0.04375
0 0.189236 0.327344 0.0135031 0.0640625
0 0.783372 0.342969 0.00655864 0.0328125
1 0.721258 0.353906 0.00810185 0.0421875
0 0.516011 0.43125 0.0165895 0.084375
1 0.691358 0.338281 0.00694444 0.0359375
1 0.483989 0.364844 0.0104167 0.0578125
1 0.211613 0.29375 0.00964506 0.05
1 0.325617 0.330469 0.0100309 0.0515625
1 0.850887 0.614062 0.03125 0.1625
0 0.101466 0.29375 0.0123457 0.05625
1 0.892747 0.435937 0.0146605 0.075
1 0.813079 0.396094 0.0111883 0.0578125
0 0.480324 0.549219 0.033179 0.154687
1 0.767361 0.375 0.0100309 0.05
1 0.798804 0.484375 0.0189043 0.096875
0 0.19946 0.804688 0.0640432 0.29375
1 0.645062 0.403906 0.0131173 0.0703125
