0 0.226466 0.29375 0.00308642 0.015625
0 0.202353 0.303125 0.00501543 0.028125
0 0.0189043 0.265625 0.00385802 0.01875
0 0.240934 0.309375 0.00501543 0.028125
1 0.30787 0.309375 0.00385802 0.021875
1 0.0138889 0.261719 0.00385802 0.0203125
1 0.240934 0.309375 0.00501543 0.028125
0 0.0501543 0.265625 0.00462963 0.021875
1 0.192901 0.279687 0.00308642 0.01875
1 0.143133 0.270312 0.00308642 0.01875
0 0.00462963 0.264844 0.00462963 0.0234375
0 0.10108 0.2875 0.00540123 0.028125
0 0.147184 0.275781 0.00347222 0.0203125
1 0.201775 0.303906 0.00462963 0.0265625
0 0.0623071 0.292188 0.00733025 0.034375
1 0.285108 0.302344 0.00385802 0.0203125
0 0.206983 0.298438 0.00424383 0.025
0 0.186728 0.282813 0.00385802 0.021875
0 0.0671296 0.286719 0.00694444 0.0328125
1 0.314622 0.3125 0.00424383 0.025
1 0.196373 0.320312 0.00694444 0.0375
1 0.280478 0.310937 0.00462963 0.028125
1 0.240162 0.332812 0.00810185 0.04375
0 0.209877 0.523438 0.025463 0.128125
1 0.158372 0.305469 0.00733025 0.0359375
0 0.0750386 0.303125 0.00810185 0.040625
1 0.270062 0.346875 0.00848765 0.046875
0 0.115934 0.317187 0.00887346 0.04375
0 0.148534 0.335938 0.0100309 0.05
1 0.379051 0.414062 0.0135031 0.071875
1 0.602623 0.599219 0.0262346 0.139062
1 0.331211 0.38125 0.0111883 0.059375
1 0.298418 0.3625 0.0104167 0.053125
1 0.441165 0.453906 0.0181327 0.0859375
0 0.191165 0.385938 0.0135031 0.06875
0 0.229745 0.439844 0.0181327 0.0890625
0 0.172647 0.350781 0.0119599 0.0609375
0 0.176312 0.714063 0.0486111 0.2375
1 0.807485 0.85 0.0570988 0.25625
1 0.520255 0.508594 0.0219907 0.107813
