1 0.541281 0.335156 0.00540123 0.0296875
0 0.544174 0.342969 0.00424383 0.0265625
0 0.614776 0.296875 0.00347222 0.015625
1 0.70216 0.30625 0.00462963 0.025
0 0.611304 0.294531 0.00270062 0.0140625
0 0.458912 0.292188 0.00347222 0.01875
0 0.463735 0.284375 0.00308642 0.015625
0 0.574846 0.2875 0.00231481 0.0125
1 0.541667 0.283594 0.00231481 0.0140625
1 0.975694 0.346875 0.00848765 0.046875
1 0.560957 0.286719 0.00231481 0.0140625
1 0.543596 0.340625 0.00462963 0.025
0 0.442323 0.321875 0.00501543 0.03125
0 0.421489 0.360938 0.00887346 0.05625
0 0.389853 0.419531 0.0142747 0.0796875
0 0.554591 0.282031 0.00192901 0.0109375
1 0.733989 0.619531 0.0266204 0.176563
1 0.521798 0.284375 0.00192901 0.0125
0 0.618634 0.291406 0.00270062 0.0140625
0 0.483025 0.28125 0.00231481 0.0125
1 0.508295 0.286719 0.00270062 0.0171875
1 0.63966 0.304688 0.00385802 0.021875
1 0.574846 0.286719 0.00231481 0.0140625
1 0.516011 0.298438 0.00270062 0.01875
1 0.559992 0.29375 0.00270062 0.015625
1 0.510995 0.290625 0.00270062 0.015625
0 0.44811 0.311719 0.00501543 0.0265625
1 0.524884 0.310937 0.00347222 0.01875
1 0.578511 0.289844 0.00270062 0.0140625
1 0.520255 0.303906 0.00347222 0.0203125
1 0.569252 0.292188 0.00270062 0.015625
1 0.584298 0.299219 0.00347222 0.0203125
1 0.53723 0.329688 0.00501543 0.03125
1 0.529707 0.316406 0.00385802 0.0234375
1 0.564236 0.372656 0.00887346 0.0484375
0 0.2799 0.613281 0.0343364 0.157813
1 0.60108 0.421875 0.0146605 0.075
