0 0.310185 0.25 0.00540123 0.03125
1 0.310957 0.250781 0.00617284 0.0328125
0 0.44213 0.242188 0.00462963 0.025
1 0.471065 0.2875 0.00925926 0.05
0 0.304784 0.33125 0.0154321 0.075
1 0.315394 0.25 0.00578704 0.034375
1 0.377508 0.253125 0.00501543 0.03125
1 0.337384 0.247656 0.00424383 0.0265625
1 0.3424 0.258594 0.00578704 0.0328125
0 0.359375 0.236719 0.00424383 0.0203125
1 0.372878 0.264062 0.00655864 0.034375
0 0.172454 0.757031 0.0578704 0.270312
0 0.658565 0.275 0.00771605 0.0375
0 0.227816 0.247656 0.00655864 0.0328125
0 0.534144 0.257031 0.00655864 0.0328125
0 0.160301 0.495313 0.0289352 0.153125
1 0.5299 0.316406 0.0119599 0.0640625
0 0.345293 0.284375 0.00848765 0.04375
1 0.472222 0.265625 0.00694444 0.034375
0 0.198688 0.374219 0.0185185 0.0890625
0 0.836227 0.298438 0.00964506 0.046875
0 0.369792 0.311719 0.0119599 0.0609375
1 0.730903 0.676562 0.0505401 0.21875
1 0.785494 0.317969 0.0115741 0.0546875
1 0.424383 0.392188 0.0185185 0.09375
1 0.494599 0.355469 0.0146605 0.0765625
1 0.518326 0.489844 0.0289352 0.139062
