0 0.526427 0.258594 0.00270062 0.0140625
0 0.585069 0.259375 0.00192901 0.0125
0 0.603395 0.304688 0.00462963 0.028125
0 0.546875 0.257031 0.00192901 0.0109375
0 0.518326 0.272656 0.00347222 0.0203125
1 0.585455 0.278906 0.00424383 0.0234375
1 0.603395 0.304688 0.00462963 0.025
1 0.651042 0.265625 0.00270062 0.015625
1 0.590471 0.260938 0.00270062 0.015625
1 0.575231 0.263281 0.00308642 0.0171875
1 0.645833 0.271875 0.00308642 0.01875
0 0.507137 0.288281 0.00501543 0.0265625
1 0.635802 0.274219 0.00385802 0.0203125
1 0.578704 0.267188 0.00308642 0.01875
1 0.590471 0.288281 0.00424383 0.0234375
1 0.655864 0.267969 0.00308642 0.0171875
0 0.510995 0.279687 0.00424383 0.021875
1 0.596644 0.296094 0.00424383 0.0265625
1 0.665702 0.282031 0.00424383 0.0234375
0 0.501736 0.298438 0.00655864 0.034375
0 0.491512 0.3125 0.00771605 0.04375
0 0.442901 0.394531 0.0146605 0.0828125
1 0.669946 0.4125 0.0158179 0.08125
0 0.334877 0.55625 0.0362654 0.165625
1 0.789352 0.589844 0.0324074 0.170312
