1 0.155093 0.226562 0.00308642 0.015625
1 0.0499614 0.239063 0.00501543 0.028125
0 0.0486111 0.235156 0.00462963 0.0265625
0 0.308449 0.251563 0.00347222 0.01875
0 0.0570988 0.232812 0.00462963 0.025
0 0.332369 0.252344 0.00347222 0.0203125
0 0.281443 0.2375 0.00347222 0.01875
1 0.281636 0.2375 0.00385802 0.021875
1 0.0482253 0.235156 0.00385802 0.0234375
1 0.0570988 0.232812 0.00385802 0.021875
0 0.243634 0.232812 0.00270062 0.015625
1 0.322531 0.24375 0.00308642 0.01875
0 0.317901 0.248437 0.00308642 0.01875
1 0.347994 0.249219 0.00308642 0.0171875
0 0.0447531 0.335156 0.0146605 0.0703125
0 0.0513117 0.242188 0.00462963 0.025
0 0.334684 0.253906 0.00347222 0.0203125
1 0.283179 0.266406 0.00540123 0.0296875
1 0.0138889 0.236719 0.00462963 0.0265625
1 0.321566 0.275781 0.00578704 0.0328125
1 0.342978 0.263281 0.00385802 0.0234375
1 0.43017 0.310156 0.00771605 0.0453125
1 0.311536 0.260156 0.00501543 0.0265625
1 0.278935 0.260938 0.00540123 0.028125
1 0.363619 0.285937 0.00655864 0.034375
0 0.266204 0.25 0.00462963 0.025
0 0.0300926 0.244531 0.00694444 0.0359375
0 0.0353009 0.302344 0.0119599 0.0609375
0 0.261767 0.275781 0.00733025 0.0359375
0 0.334105 0.304688 0.00925926 0.046875
1 0.520255 0.346875 0.0111883 0.059375
0 0.30189 0.291406 0.00810185 0.0421875
0 0.371721 0.329688 0.0111883 0.05625
1 0.46875 0.323438 0.00925926 0.05
1 0.584298 0.373437 0.0135031 0.06875
0 0.433063 0.36875 0.0135031 0.06875
0 0.466049 0.41875 0.0185185 0.090625
0 0.0183256 0.371875 0.023534 0.10625
0 0.525656 0.508594 0.0289352 0.129688
1 0.660687 0.410156 0.0158179 0.0796875
1 0.739776 0.460156 0.0196759 0.0984375
1 0.889082 0.561719 0.0297068 0.132812
